{
  "nbformat": 4,
  "nbformat_minor": 0,
  "metadata": {
    "colab": {
      "provenance": [],
      "authorship_tag": "ABX9TyPVGEWaZ0Qea6TVGKDLajUJ",
      "include_colab_link": true
    },
    "kernelspec": {
      "name": "python3",
      "display_name": "Python 3"
    },
    "language_info": {
      "name": "python"
    }
  },
  "cells": [
    {
      "cell_type": "markdown",
      "metadata": {
        "id": "view-in-github",
        "colab_type": "text"
      },
      "source": [
        "<a href=\"https://colab.research.google.com/github/mohammadsanatabassum/labs-and-projects-on-aiml-/blob/main/Understanding_Distance_metrics_and_Introduction_to_KNN.ipynb\" target=\"_parent\"><img src=\"https://colab.research.google.com/assets/colab-badge.svg\" alt=\"Open In Colab\"/></a>"
      ]
    },
    {
      "cell_type": "code",
      "execution_count": null,
      "metadata": {
        "id": "I7KmOXYHqVDP"
      },
      "outputs": [],
      "source": []
    },
    {
      "cell_type": "markdown",
      "source": [
        "SECTION - 1 : Distance metrics"
      ],
      "metadata": {
        "id": "Lo7IQlyL1m4J"
      }
    },
    {
      "cell_type": "markdown",
      "source": [
        "MODULE 3: CLASSIFICATION-1\n",
        "LAB-1 : Understanding Distance metrics and Introduction to KNN\n"
      ],
      "metadata": {
        "id": "p0Zx15rnqmND"
      }
    },
    {
      "cell_type": "code",
      "source": [
        "import numpy as np\n",
        "import pandas as pd\n",
        "import math\n",
        "from scipy.spatial import distance\n",
        "import matplotlib.pyplot as plt"
      ],
      "metadata": {
        "id": "x8p0P1Ytqm80"
      },
      "execution_count": 1,
      "outputs": []
    },
    {
      "cell_type": "code",
      "source": [
        "# Simple 2D example\n",
        "x_1 = np.array((11, 12))\n",
        "x_2 = np.array((27, 6))\n",
        "sumv = 0\n",
        "for i in range(len(x_1)):\n",
        "  sumv += ((x_1[i]-x_2[i])**2)\n",
        "dist = math.sqrt(sumv)\n",
        "print(dist)"
      ],
      "metadata": {
        "colab": {
          "base_uri": "https://localhost:8080/"
        },
        "id": "t5f7kHoNqq54",
        "outputId": "5a36030d-1a39-4a2b-c05e-8a9eed7b8b2d"
      },
      "execution_count": 4,
      "outputs": [
        {
          "output_type": "stream",
          "name": "stdout",
          "text": [
            "17.08800749063506\n"
          ]
        }
      ]
    },
    {
      "cell_type": "code",
      "source": [],
      "metadata": {
        "id": "LhuywRkqrMYa"
      },
      "execution_count": null,
      "outputs": []
    },
    {
      "cell_type": "markdown",
      "source": [
        "## TASK-1\n",
        "## Write a vectorized version of computing Euclidean distance (using numpy) in the space given below\n",
        "## (Expected number of lines ~ 1). Your answer should be stored in the variable 'euclidean_dist'\n",
        "## Verify this result with what you saw above\n",
        "\n",
        "# Write your code below and uncomment the lines below in order to run the cell.\n",
        "\n",
        "# euclidean_dist =\n",
        "# print(euclidean_dist)"
      ],
      "metadata": {
        "id": "USJqvg4vrhMM"
      }
    },
    {
      "cell_type": "code",
      "source": [
        "euclidean_dist = np.sqrt(np.sum((x_1-x_2)**2))\n",
        "print(euclidean_dist)"
      ],
      "metadata": {
        "colab": {
          "base_uri": "https://localhost:8080/"
        },
        "id": "G1cjECN0rgR3",
        "outputId": "2b6b37c1-24b0-48cd-92b5-37034df786df"
      },
      "execution_count": 5,
      "outputs": [
        {
          "output_type": "stream",
          "name": "stdout",
          "text": [
            "17.08800749063506\n"
          ]
        }
      ]
    },
    {
      "cell_type": "code",
      "source": [
        "euclidean_dist = distance.euclidean(x_1, x_2)\n",
        "print(euclidean_dist)"
      ],
      "metadata": {
        "colab": {
          "base_uri": "https://localhost:8080/"
        },
        "id": "zF2Y319wrkZw",
        "outputId": "2e3f4947-5018-42b3-9e2b-aabaa35d7802"
      },
      "execution_count": 6,
      "outputs": [
        {
          "output_type": "stream",
          "name": "stdout",
          "text": [
            "17.08800749063506\n"
          ]
        }
      ]
    },
    {
      "cell_type": "code",
      "source": [
        "plotx = np.linspace(-10,10,30)\n",
        "meshx, meshy = np.meshgrid(plotx,plotx)"
      ],
      "metadata": {
        "id": "ceuJw-jArnQR"
      },
      "execution_count": 7,
      "outputs": []
    },
    {
      "cell_type": "code",
      "source": [
        "tempeuclid = np.sqrt((meshx**2 + meshy**2))"
      ],
      "metadata": {
        "id": "ViXBzF1HrrbD"
      },
      "execution_count": 8,
      "outputs": []
    },
    {
      "cell_type": "code",
      "source": [
        "import plotly.graph_objects as go\n",
        "\n",
        "fig = go.Figure(data=[go.Surface(z=tempeuclid, x=plotx, y=plotx)])\n",
        "fig.update_layout(title='Euclidean Distance from origin', autosize=False,\n",
        "                  width=500, height=500,\n",
        "                  margin=dict(l=55, r=40, b=35, t=70))\n",
        "fig.show()"
      ],
      "metadata": {
        "colab": {
          "base_uri": "https://localhost:8080/",
          "height": 517
        },
        "id": "pfGpLhGvrwQS",
        "outputId": "e32bfb74-023a-4a2e-a817-43645acb4be8"
      },
      "execution_count": 9,
      "outputs": [
        {
          "output_type": "display_data",
          "data": {
            "text/html": [
              "<html>\n",
              "<head><meta charset=\"utf-8\" /></head>\n",
              "<body>\n",
              "    <div>            <script src=\"https://cdnjs.cloudflare.com/ajax/libs/mathjax/2.7.5/MathJax.js?config=TeX-AMS-MML_SVG\"></script><script type=\"text/javascript\">if (window.MathJax && window.MathJax.Hub && window.MathJax.Hub.Config) {window.MathJax.Hub.Config({SVG: {font: \"STIX-Web\"}});}</script>                <script type=\"text/javascript\">window.PlotlyConfig = {MathJaxConfig: 'local'};</script>\n",
              "        <script charset=\"utf-8\" src=\"https://cdn.plot.ly/plotly-2.35.2.min.js\"></script>                <div id=\"834b2adf-00f4-459e-a2f9-234bf48c6402\" class=\"plotly-graph-div\" style=\"height:500px; width:500px;\"></div>            <script type=\"text/javascript\">                                    window.PLOTLYENV=window.PLOTLYENV || {};                                    if (document.getElementById(\"834b2adf-00f4-459e-a2f9-234bf48c6402\")) {                    Plotly.newPlot(                        \"834b2adf-00f4-459e-a2f9-234bf48c6402\",                        [{\"x\":[-10.0,-9.310344827586206,-8.620689655172413,-7.931034482758621,-7.241379310344827,-6.551724137931034,-5.862068965517241,-5.172413793103448,-4.482758620689655,-3.793103448275861,-3.1034482758620685,-2.413793103448276,-1.7241379310344822,-1.0344827586206886,-0.3448275862068968,0.3448275862068968,1.0344827586206904,1.724137931034484,2.4137931034482776,3.1034482758620694,3.793103448275863,4.482758620689657,5.172413793103448,5.862068965517242,6.551724137931036,7.241379310344829,7.931034482758623,8.620689655172416,9.310344827586206,10.0],\"y\":[-10.0,-9.310344827586206,-8.620689655172413,-7.931034482758621,-7.241379310344827,-6.551724137931034,-5.862068965517241,-5.172413793103448,-4.482758620689655,-3.793103448275861,-3.1034482758620685,-2.413793103448276,-1.7241379310344822,-1.0344827586206886,-0.3448275862068968,0.3448275862068968,1.0344827586206904,1.724137931034484,2.4137931034482776,3.1034482758620694,3.793103448275863,4.482758620689657,5.172413793103448,5.862068965517242,6.551724137931036,7.241379310344829,7.931034482758623,8.620689655172416,9.310344827586206,10.0],\"z\":[[14.142135623730951,13.663181211144101,13.20288946143217,12.763279671256377,12.346561234460797,11.955128154041184,11.591542285497662,11.258501874010005,10.958792125566003,10.695215461566084,10.470501000475156,10.287195786328482,10.147544116939422,10.053365335940173,10.005943536928902,10.005943536928902,10.053365335940173,10.147544116939422,10.287195786328482,10.470501000475156,10.695215461566084,10.958792125566003,11.258501874010005,11.591542285497663,11.955128154041184,12.346561234460799,12.76327967125638,13.202889461432171,13.663181211144101,14.142135623730951],[13.663181211144101,13.166815925542608,12.688530684809724,12.230446793771172,11.794918190680738,11.384533806358053,11.00210767830608,10.650651869986552,10.333326940532205,10.053365335940171,9.813965152246693,9.618155642056106,9.468641529479985,9.367639798073188,9.31672833524572,9.31672833524572,9.367639798073188,9.468641529479987,9.618155642056106,9.813965152246695,10.053365335940173,10.333326940532205,10.650651869986552,11.00210767830608,11.384533806358053,11.794918190680738,12.230446793771172,12.688530684809725,13.166815925542608,13.663181211144101],[13.20288946143217,12.688530684809724,12.191496227354266,11.713991552733123,11.258501874010005,10.827805840074193,10.424976867469637,10.053365335940173,9.716553657658876,9.418276057757009,9.162296727990634,8.952244817756668,8.791412954470317,8.682536766906324,8.627583450480554,8.627583450480554,8.682536766906324,8.791412954470319,8.952244817756668,9.162296727990636,9.418276057757009,9.716553657658876,10.053365335940173,10.424976867469637,10.827805840074195,11.258501874010006,11.713991552733123,12.19149622735427,12.688530684809724,13.20288946143217],[12.763279671256377,12.230446793771172,11.713991552733123,11.216176529165926,10.73959413958444,10.28719578632848,9.862310100741443,9.468641529479987,9.110237802498556,8.791412954470319,8.516613127743772,8.290217434600903,8.116277445475738,7.998216210167726,7.938527195325062,7.938527195325062,7.998216210167726,8.116277445475738,8.290217434600903,8.516613127743772,8.791412954470319,9.110237802498558,9.468641529479987,9.862310100741443,10.287195786328482,10.73959413958444,11.216176529165928,11.713991552733125,12.230446793771172,12.763279671256377],[12.346561234460797,11.794918190680738,11.258501874010005,10.73959413958444,10.240856830977584,9.765380867935376,9.31672833524572,8.898957172802717,8.51661312774377,8.174668683537723,7.878385971583353,7.633084007302984,7.4438045327320355,7.3148977364125605,7.24958484194091,7.24958484194091,7.3148977364125605,7.443804532732036,7.633084007302985,7.878385971583353,8.174668683537723,8.516613127743772,8.898957172802717,9.316728335245722,9.765380867935377,10.240856830977586,10.73959413958444,11.258501874010006,11.794918190680738,12.346561234460797],[11.955128154041184,11.384533806358053,10.827805840074193,10.28719578632848,9.765380867935376,9.265537132789243,8.791412954470317,8.347392025455314,7.93852719532506,7.570516689689705,7.249584841940909,6.982226459074684,6.774787139444309,6.632891055748739,6.560792272565671,6.560792272565671,6.632891055748739,6.77478713944431,6.982226459074685,7.249584841940909,7.570516689689706,7.938527195325062,8.347392025455314,8.791412954470319,9.265537132789243,9.765380867935377,10.287195786328482,10.827805840074195,11.384533806358053,11.955128154041184],[11.591542285497662,11.00210767830608,10.424976867469637,9.862310100741443,9.31672833524572,8.791412954470317,8.290217434600901,7.817782102589402,7.379632606562998,6.982226459074684,6.632891055748739,6.339578038224219,6.110360395403224,5.952647069528299,5.872202195147034,5.872202195147034,5.952647069528299,6.110360395403224,6.339578038224219,6.632891055748739,6.982226459074686,7.379632606563,7.817782102589402,8.290217434600903,8.791412954470319,9.316728335245722,9.862310100741444,10.424976867469638,11.00210767830608,11.591542285497662],[11.258501874010005,10.650651869986552,10.053365335940173,9.468641529479987,8.898957172802717,8.347392025455314,7.817782102589402,7.3148977364125605,6.844632152165244,6.4141638750821635,6.032019201564104,5.707912192154086,5.452202862359274,5.274847772682191,5.183895302887209,5.183895302887209,5.274847772682191,5.452202862359275,5.707912192154087,6.032019201564104,6.414163875082164,6.844632152165245,7.3148977364125605,7.817782102589403,8.347392025455315,8.898957172802719,9.468641529479989,10.053365335940175,10.650651869986552,11.258501874010005],[10.958792125566003,10.333326940532205,9.716553657658876,9.110237802498556,8.51661312774377,7.93852719532506,7.379632606562998,6.844632152165244,6.339578038224219,5.872202195147034,5.452202862359274,5.091318296632206,4.802892509373834,4.600573815215976,4.496001658760447,4.496001658760447,4.600573815215977,4.802892509373835,5.091318296632208,5.452202862359274,5.872202195147035,6.33957803822422,6.844632152165244,7.379632606562999,7.938527195325062,8.516613127743772,9.110237802498558,9.716553657658878,10.333326940532205,10.958792125566003],[10.695215461566084,10.053365335940171,9.418276057757009,8.791412954470319,8.174668683537723,7.570516689689705,6.982226459074684,6.4141638750821635,5.872202195147034,5.364258340035876,4.900920828810998,4.496001658760447,4.166567577101575,3.931639396893578,3.808745178340434,3.808745178340434,3.9316393968935786,4.166567577101576,4.496001658760448,4.900920828810998,5.364258340035878,5.872202195147036,6.4141638750821635,6.982226459074686,7.570516689689708,8.174668683537725,8.79141295447032,9.418276057757012,10.053365335940171,10.695215461566084],[10.470501000475156,9.813965152246693,9.162296727990634,8.516613127743772,7.878385971583353,7.249584841940909,6.632891055748739,6.032019201564104,5.452202862359274,4.900920828810998,4.388938641847536,3.9316393968935786,3.550217289995517,3.271321717415564,3.1225465993577295,3.1225465993577295,3.2713217174155647,3.5502172899955173,3.93163939689358,4.3889386418475365,4.900920828810999,5.452202862359275,6.032019201564104,6.632891055748741,7.249584841940911,7.878385971583354,8.516613127743774,9.162296727990638,9.813965152246693,10.470501000475156],[10.287195786328482,9.618155642056106,8.952244817756668,8.290217434600903,7.633084007302984,6.982226459074684,6.339578038224219,5.707912192154086,5.091318296632206,4.496001658760447,3.9316393968935786,3.413618943659195,2.9663190576009053,2.6261286571944504,2.4382992454708536,2.4382992454708536,2.6261286571944513,2.9663190576009066,3.413618943659196,3.9316393968935794,4.496001658760448,5.091318296632208,5.707912192154086,6.33957803822422,6.9822264590746865,7.633084007302986,8.290217434600903,8.952244817756672,9.618155642056106,10.287195786328482],[10.147544116939422,9.468641529479985,8.791412954470317,8.116277445475738,7.4438045327320355,6.774787139444309,6.110360395403224,5.452202862359274,4.802892509373834,4.166567577101575,3.550217289995517,2.9663190576009053,2.4382992454708527,2.0106730671880335,1.7582825908940631,1.7582825908940631,2.0106730671880344,2.438299245470854,2.9663190576009066,3.5502172899955173,4.166567577101577,4.8028925093738355,5.452202862359274,6.110360395403225,6.774787139444312,7.443804532732037,8.11627744547574,8.79141295447032,9.468641529479985,10.147544116939422],[10.053365335940173,9.367639798073188,8.682536766906324,7.998216210167726,7.3148977364125605,6.632891055748739,5.952647069528299,5.274847772682191,4.600573815215976,3.931639396893578,3.271321717415564,2.6261286571944504,2.0106730671880335,1.4629795472825107,1.090440572471854,1.090440572471854,1.462979547282512,2.0106730671880353,2.626128657194452,3.2713217174155647,3.93163939689358,4.600573815215979,5.274847772682191,5.9526470695283,6.632891055748741,7.314897736412562,7.998216210167728,8.682536766906328,9.367639798073188,10.053365335940173],[10.005943536928902,9.31672833524572,8.627583450480554,7.938527195325062,7.24958484194091,6.560792272565671,5.872202195147034,5.183895302887209,4.496001658760447,3.808745178340434,3.1225465993577295,2.4382992454708536,1.7582825908940631,1.090440572471854,0.48765984909417104,0.48765984909417104,1.0904405724718558,1.758282590894065,2.4382992454708554,3.1225465993577304,3.808745178340436,4.4960016587604485,5.183895302887209,5.872202195147036,6.560792272565673,7.249584841940911,7.938527195325063,8.627583450480557,9.31672833524572,10.005943536928902],[10.005943536928902,9.31672833524572,8.627583450480554,7.938527195325062,7.24958484194091,6.560792272565671,5.872202195147034,5.183895302887209,4.496001658760447,3.808745178340434,3.1225465993577295,2.4382992454708536,1.7582825908940631,1.090440572471854,0.48765984909417104,0.48765984909417104,1.0904405724718558,1.758282590894065,2.4382992454708554,3.1225465993577304,3.808745178340436,4.4960016587604485,5.183895302887209,5.872202195147036,6.560792272565673,7.249584841940911,7.938527195325063,8.627583450480557,9.31672833524572,10.005943536928902],[10.053365335940173,9.367639798073188,8.682536766906324,7.998216210167726,7.3148977364125605,6.632891055748739,5.952647069528299,5.274847772682191,4.600573815215977,3.9316393968935786,3.2713217174155647,2.6261286571944513,2.0106730671880344,1.462979547282512,1.0904405724718558,1.0904405724718558,1.4629795472825131,2.010673067188036,2.626128657194453,3.2713217174155655,3.9316393968935803,4.600573815215979,5.274847772682191,5.9526470695283,6.632891055748741,7.314897736412562,7.998216210167728,8.682536766906328,9.367639798073188,10.053365335940173],[10.147544116939422,9.468641529479987,8.791412954470319,8.116277445475738,7.443804532732036,6.77478713944431,6.110360395403224,5.452202862359275,4.802892509373835,4.166567577101576,3.5502172899955173,2.9663190576009066,2.438299245470854,2.0106730671880353,1.758282590894065,1.758282590894065,2.010673067188036,2.4382992454708554,2.966319057600908,3.550217289995518,4.166567577101578,4.802892509373836,5.452202862359275,6.110360395403226,6.774787139444312,7.443804532732037,8.11627744547574,8.791412954470323,9.468641529479987,10.147544116939422],[10.287195786328482,9.618155642056106,8.952244817756668,8.290217434600903,7.633084007302985,6.982226459074685,6.339578038224219,5.707912192154087,5.091318296632208,4.496001658760448,3.93163939689358,3.413618943659196,2.9663190576009066,2.626128657194452,2.4382992454708554,2.4382992454708554,2.626128657194453,2.966319057600908,3.4136189436591975,3.9316393968935803,4.496001658760449,5.09131829663221,5.707912192154087,6.339578038224221,6.9822264590746865,7.633084007302986,8.290217434600905,8.952244817756672,9.618155642056106,10.287195786328482],[10.470501000475156,9.813965152246695,9.162296727990636,8.516613127743772,7.878385971583353,7.249584841940909,6.632891055748739,6.032019201564104,5.452202862359274,4.900920828810998,4.3889386418475365,3.9316393968935794,3.5502172899955173,3.2713217174155647,3.1225465993577304,3.1225465993577304,3.2713217174155655,3.550217289995518,3.9316393968935803,4.388938641847537,4.9009208288109996,5.452202862359276,6.032019201564104,6.632891055748741,7.249584841940911,7.878385971583355,8.516613127743774,9.16229672799064,9.813965152246695,10.470501000475156],[10.695215461566084,10.053365335940173,9.418276057757009,8.791412954470319,8.174668683537723,7.570516689689706,6.982226459074686,6.414163875082164,5.872202195147035,5.364258340035878,4.900920828810999,4.496001658760448,4.166567577101577,3.93163939689358,3.808745178340436,3.808745178340436,3.9316393968935803,4.166567577101578,4.496001658760449,4.9009208288109996,5.364258340035879,5.872202195147037,6.414163875082164,6.9822264590746865,7.5705166896897085,8.174668683537725,8.79141295447032,9.418276057757012,10.053365335940173,10.695215461566084],[10.958792125566003,10.333326940532205,9.716553657658876,9.110237802498558,8.516613127743772,7.938527195325062,7.379632606563,6.844632152165245,6.33957803822422,5.872202195147036,5.452202862359275,5.091318296632208,4.8028925093738355,4.600573815215979,4.4960016587604485,4.4960016587604485,4.600573815215979,4.802892509373836,5.09131829663221,5.452202862359276,5.872202195147037,6.3395780382242215,6.844632152165245,7.379632606563001,7.938527195325063,8.516613127743774,9.11023780249856,9.71655365765888,10.333326940532205,10.958792125566003],[11.258501874010005,10.650651869986552,10.053365335940173,9.468641529479987,8.898957172802717,8.347392025455314,7.817782102589402,7.3148977364125605,6.844632152165244,6.4141638750821635,6.032019201564104,5.707912192154086,5.452202862359274,5.274847772682191,5.183895302887209,5.183895302887209,5.274847772682191,5.452202862359275,5.707912192154087,6.032019201564104,6.414163875082164,6.844632152165245,7.3148977364125605,7.817782102589403,8.347392025455315,8.898957172802719,9.468641529479989,10.053365335940175,10.650651869986552,11.258501874010005],[11.591542285497663,11.00210767830608,10.424976867469637,9.862310100741443,9.316728335245722,8.791412954470319,8.290217434600903,7.817782102589403,7.379632606562999,6.982226459074686,6.632891055748741,6.33957803822422,6.110360395403225,5.9526470695283,5.872202195147036,5.872202195147036,5.9526470695283,6.110360395403226,6.339578038224221,6.632891055748741,6.9822264590746865,7.379632606563001,7.817782102589403,8.290217434600903,8.79141295447032,9.316728335245724,9.862310100741444,10.42497686746964,11.00210767830608,11.591542285497663],[11.955128154041184,11.384533806358053,10.827805840074195,10.287195786328482,9.765380867935377,9.265537132789243,8.791412954470319,8.347392025455315,7.938527195325062,7.570516689689708,7.249584841940911,6.9822264590746865,6.774787139444312,6.632891055748741,6.560792272565673,6.560792272565673,6.632891055748741,6.774787139444312,6.9822264590746865,7.249584841940911,7.5705166896897085,7.938527195325063,8.347392025455315,8.79141295447032,9.265537132789245,9.765380867935377,10.287195786328484,10.827805840074197,11.384533806358053,11.955128154041184],[12.346561234460799,11.794918190680738,11.258501874010006,10.73959413958444,10.240856830977586,9.765380867935377,9.316728335245722,8.898957172802719,8.516613127743772,8.174668683537725,7.878385971583354,7.633084007302986,7.443804532732037,7.314897736412562,7.249584841940911,7.249584841940911,7.314897736412562,7.443804532732037,7.633084007302986,7.878385971583355,8.174668683537725,8.516613127743774,8.898957172802719,9.316728335245724,9.765380867935377,10.240856830977586,10.739594139584442,11.258501874010008,11.794918190680738,12.346561234460799],[12.76327967125638,12.230446793771172,11.713991552733123,11.216176529165928,10.73959413958444,10.287195786328482,9.862310100741444,9.468641529479989,9.110237802498558,8.79141295447032,8.516613127743774,8.290217434600903,8.11627744547574,7.998216210167728,7.938527195325063,7.938527195325063,7.998216210167728,8.11627744547574,8.290217434600905,8.516613127743774,8.79141295447032,9.11023780249856,9.468641529479989,9.862310100741444,10.287195786328484,10.739594139584442,11.21617652916593,11.713991552733127,12.230446793771172,12.76327967125638],[13.202889461432171,12.688530684809725,12.19149622735427,11.713991552733125,11.258501874010006,10.827805840074195,10.424976867469638,10.053365335940175,9.716553657658878,9.418276057757012,9.162296727990638,8.952244817756672,8.79141295447032,8.682536766906328,8.627583450480557,8.627583450480557,8.682536766906328,8.791412954470323,8.952244817756672,9.16229672799064,9.418276057757012,9.71655365765888,10.053365335940175,10.42497686746964,10.827805840074197,11.258501874010008,11.713991552733127,12.191496227354271,12.688530684809725,13.202889461432171],[13.663181211144101,13.166815925542608,12.688530684809724,12.230446793771172,11.794918190680738,11.384533806358053,11.00210767830608,10.650651869986552,10.333326940532205,10.053365335940171,9.813965152246693,9.618155642056106,9.468641529479985,9.367639798073188,9.31672833524572,9.31672833524572,9.367639798073188,9.468641529479987,9.618155642056106,9.813965152246695,10.053365335940173,10.333326940532205,10.650651869986552,11.00210767830608,11.384533806358053,11.794918190680738,12.230446793771172,12.688530684809725,13.166815925542608,13.663181211144101],[14.142135623730951,13.663181211144101,13.20288946143217,12.763279671256377,12.346561234460797,11.955128154041184,11.591542285497662,11.258501874010005,10.958792125566003,10.695215461566084,10.470501000475156,10.287195786328482,10.147544116939422,10.053365335940173,10.005943536928902,10.005943536928902,10.053365335940173,10.147544116939422,10.287195786328482,10.470501000475156,10.695215461566084,10.958792125566003,11.258501874010005,11.591542285497663,11.955128154041184,12.346561234460799,12.76327967125638,13.202889461432171,13.663181211144101,14.142135623730951]],\"type\":\"surface\"}],                        {\"template\":{\"data\":{\"histogram2dcontour\":[{\"type\":\"histogram2dcontour\",\"colorbar\":{\"outlinewidth\":0,\"ticks\":\"\"},\"colorscale\":[[0.0,\"#0d0887\"],[0.1111111111111111,\"#46039f\"],[0.2222222222222222,\"#7201a8\"],[0.3333333333333333,\"#9c179e\"],[0.4444444444444444,\"#bd3786\"],[0.5555555555555556,\"#d8576b\"],[0.6666666666666666,\"#ed7953\"],[0.7777777777777778,\"#fb9f3a\"],[0.8888888888888888,\"#fdca26\"],[1.0,\"#f0f921\"]]}],\"choropleth\":[{\"type\":\"choropleth\",\"colorbar\":{\"outlinewidth\":0,\"ticks\":\"\"}}],\"histogram2d\":[{\"type\":\"histogram2d\",\"colorbar\":{\"outlinewidth\":0,\"ticks\":\"\"},\"colorscale\":[[0.0,\"#0d0887\"],[0.1111111111111111,\"#46039f\"],[0.2222222222222222,\"#7201a8\"],[0.3333333333333333,\"#9c179e\"],[0.4444444444444444,\"#bd3786\"],[0.5555555555555556,\"#d8576b\"],[0.6666666666666666,\"#ed7953\"],[0.7777777777777778,\"#fb9f3a\"],[0.8888888888888888,\"#fdca26\"],[1.0,\"#f0f921\"]]}],\"heatmap\":[{\"type\":\"heatmap\",\"colorbar\":{\"outlinewidth\":0,\"ticks\":\"\"},\"colorscale\":[[0.0,\"#0d0887\"],[0.1111111111111111,\"#46039f\"],[0.2222222222222222,\"#7201a8\"],[0.3333333333333333,\"#9c179e\"],[0.4444444444444444,\"#bd3786\"],[0.5555555555555556,\"#d8576b\"],[0.6666666666666666,\"#ed7953\"],[0.7777777777777778,\"#fb9f3a\"],[0.8888888888888888,\"#fdca26\"],[1.0,\"#f0f921\"]]}],\"heatmapgl\":[{\"type\":\"heatmapgl\",\"colorbar\":{\"outlinewidth\":0,\"ticks\":\"\"},\"colorscale\":[[0.0,\"#0d0887\"],[0.1111111111111111,\"#46039f\"],[0.2222222222222222,\"#7201a8\"],[0.3333333333333333,\"#9c179e\"],[0.4444444444444444,\"#bd3786\"],[0.5555555555555556,\"#d8576b\"],[0.6666666666666666,\"#ed7953\"],[0.7777777777777778,\"#fb9f3a\"],[0.8888888888888888,\"#fdca26\"],[1.0,\"#f0f921\"]]}],\"contourcarpet\":[{\"type\":\"contourcarpet\",\"colorbar\":{\"outlinewidth\":0,\"ticks\":\"\"}}],\"contour\":[{\"type\":\"contour\",\"colorbar\":{\"outlinewidth\":0,\"ticks\":\"\"},\"colorscale\":[[0.0,\"#0d0887\"],[0.1111111111111111,\"#46039f\"],[0.2222222222222222,\"#7201a8\"],[0.3333333333333333,\"#9c179e\"],[0.4444444444444444,\"#bd3786\"],[0.5555555555555556,\"#d8576b\"],[0.6666666666666666,\"#ed7953\"],[0.7777777777777778,\"#fb9f3a\"],[0.8888888888888888,\"#fdca26\"],[1.0,\"#f0f921\"]]}],\"surface\":[{\"type\":\"surface\",\"colorbar\":{\"outlinewidth\":0,\"ticks\":\"\"},\"colorscale\":[[0.0,\"#0d0887\"],[0.1111111111111111,\"#46039f\"],[0.2222222222222222,\"#7201a8\"],[0.3333333333333333,\"#9c179e\"],[0.4444444444444444,\"#bd3786\"],[0.5555555555555556,\"#d8576b\"],[0.6666666666666666,\"#ed7953\"],[0.7777777777777778,\"#fb9f3a\"],[0.8888888888888888,\"#fdca26\"],[1.0,\"#f0f921\"]]}],\"mesh3d\":[{\"type\":\"mesh3d\",\"colorbar\":{\"outlinewidth\":0,\"ticks\":\"\"}}],\"scatter\":[{\"fillpattern\":{\"fillmode\":\"overlay\",\"size\":10,\"solidity\":0.2},\"type\":\"scatter\"}],\"parcoords\":[{\"type\":\"parcoords\",\"line\":{\"colorbar\":{\"outlinewidth\":0,\"ticks\":\"\"}}}],\"scatterpolargl\":[{\"type\":\"scatterpolargl\",\"marker\":{\"colorbar\":{\"outlinewidth\":0,\"ticks\":\"\"}}}],\"bar\":[{\"error_x\":{\"color\":\"#2a3f5f\"},\"error_y\":{\"color\":\"#2a3f5f\"},\"marker\":{\"line\":{\"color\":\"#E5ECF6\",\"width\":0.5},\"pattern\":{\"fillmode\":\"overlay\",\"size\":10,\"solidity\":0.2}},\"type\":\"bar\"}],\"scattergeo\":[{\"type\":\"scattergeo\",\"marker\":{\"colorbar\":{\"outlinewidth\":0,\"ticks\":\"\"}}}],\"scatterpolar\":[{\"type\":\"scatterpolar\",\"marker\":{\"colorbar\":{\"outlinewidth\":0,\"ticks\":\"\"}}}],\"histogram\":[{\"marker\":{\"pattern\":{\"fillmode\":\"overlay\",\"size\":10,\"solidity\":0.2}},\"type\":\"histogram\"}],\"scattergl\":[{\"type\":\"scattergl\",\"marker\":{\"colorbar\":{\"outlinewidth\":0,\"ticks\":\"\"}}}],\"scatter3d\":[{\"type\":\"scatter3d\",\"line\":{\"colorbar\":{\"outlinewidth\":0,\"ticks\":\"\"}},\"marker\":{\"colorbar\":{\"outlinewidth\":0,\"ticks\":\"\"}}}],\"scattermapbox\":[{\"type\":\"scattermapbox\",\"marker\":{\"colorbar\":{\"outlinewidth\":0,\"ticks\":\"\"}}}],\"scatterternary\":[{\"type\":\"scatterternary\",\"marker\":{\"colorbar\":{\"outlinewidth\":0,\"ticks\":\"\"}}}],\"scattercarpet\":[{\"type\":\"scattercarpet\",\"marker\":{\"colorbar\":{\"outlinewidth\":0,\"ticks\":\"\"}}}],\"carpet\":[{\"aaxis\":{\"endlinecolor\":\"#2a3f5f\",\"gridcolor\":\"white\",\"linecolor\":\"white\",\"minorgridcolor\":\"white\",\"startlinecolor\":\"#2a3f5f\"},\"baxis\":{\"endlinecolor\":\"#2a3f5f\",\"gridcolor\":\"white\",\"linecolor\":\"white\",\"minorgridcolor\":\"white\",\"startlinecolor\":\"#2a3f5f\"},\"type\":\"carpet\"}],\"table\":[{\"cells\":{\"fill\":{\"color\":\"#EBF0F8\"},\"line\":{\"color\":\"white\"}},\"header\":{\"fill\":{\"color\":\"#C8D4E3\"},\"line\":{\"color\":\"white\"}},\"type\":\"table\"}],\"barpolar\":[{\"marker\":{\"line\":{\"color\":\"#E5ECF6\",\"width\":0.5},\"pattern\":{\"fillmode\":\"overlay\",\"size\":10,\"solidity\":0.2}},\"type\":\"barpolar\"}],\"pie\":[{\"automargin\":true,\"type\":\"pie\"}]},\"layout\":{\"autotypenumbers\":\"strict\",\"colorway\":[\"#636efa\",\"#EF553B\",\"#00cc96\",\"#ab63fa\",\"#FFA15A\",\"#19d3f3\",\"#FF6692\",\"#B6E880\",\"#FF97FF\",\"#FECB52\"],\"font\":{\"color\":\"#2a3f5f\"},\"hovermode\":\"closest\",\"hoverlabel\":{\"align\":\"left\"},\"paper_bgcolor\":\"white\",\"plot_bgcolor\":\"#E5ECF6\",\"polar\":{\"bgcolor\":\"#E5ECF6\",\"angularaxis\":{\"gridcolor\":\"white\",\"linecolor\":\"white\",\"ticks\":\"\"},\"radialaxis\":{\"gridcolor\":\"white\",\"linecolor\":\"white\",\"ticks\":\"\"}},\"ternary\":{\"bgcolor\":\"#E5ECF6\",\"aaxis\":{\"gridcolor\":\"white\",\"linecolor\":\"white\",\"ticks\":\"\"},\"baxis\":{\"gridcolor\":\"white\",\"linecolor\":\"white\",\"ticks\":\"\"},\"caxis\":{\"gridcolor\":\"white\",\"linecolor\":\"white\",\"ticks\":\"\"}},\"coloraxis\":{\"colorbar\":{\"outlinewidth\":0,\"ticks\":\"\"}},\"colorscale\":{\"sequential\":[[0.0,\"#0d0887\"],[0.1111111111111111,\"#46039f\"],[0.2222222222222222,\"#7201a8\"],[0.3333333333333333,\"#9c179e\"],[0.4444444444444444,\"#bd3786\"],[0.5555555555555556,\"#d8576b\"],[0.6666666666666666,\"#ed7953\"],[0.7777777777777778,\"#fb9f3a\"],[0.8888888888888888,\"#fdca26\"],[1.0,\"#f0f921\"]],\"sequentialminus\":[[0.0,\"#0d0887\"],[0.1111111111111111,\"#46039f\"],[0.2222222222222222,\"#7201a8\"],[0.3333333333333333,\"#9c179e\"],[0.4444444444444444,\"#bd3786\"],[0.5555555555555556,\"#d8576b\"],[0.6666666666666666,\"#ed7953\"],[0.7777777777777778,\"#fb9f3a\"],[0.8888888888888888,\"#fdca26\"],[1.0,\"#f0f921\"]],\"diverging\":[[0,\"#8e0152\"],[0.1,\"#c51b7d\"],[0.2,\"#de77ae\"],[0.3,\"#f1b6da\"],[0.4,\"#fde0ef\"],[0.5,\"#f7f7f7\"],[0.6,\"#e6f5d0\"],[0.7,\"#b8e186\"],[0.8,\"#7fbc41\"],[0.9,\"#4d9221\"],[1,\"#276419\"]]},\"xaxis\":{\"gridcolor\":\"white\",\"linecolor\":\"white\",\"ticks\":\"\",\"title\":{\"standoff\":15},\"zerolinecolor\":\"white\",\"automargin\":true,\"zerolinewidth\":2},\"yaxis\":{\"gridcolor\":\"white\",\"linecolor\":\"white\",\"ticks\":\"\",\"title\":{\"standoff\":15},\"zerolinecolor\":\"white\",\"automargin\":true,\"zerolinewidth\":2},\"scene\":{\"xaxis\":{\"backgroundcolor\":\"#E5ECF6\",\"gridcolor\":\"white\",\"linecolor\":\"white\",\"showbackground\":true,\"ticks\":\"\",\"zerolinecolor\":\"white\",\"gridwidth\":2},\"yaxis\":{\"backgroundcolor\":\"#E5ECF6\",\"gridcolor\":\"white\",\"linecolor\":\"white\",\"showbackground\":true,\"ticks\":\"\",\"zerolinecolor\":\"white\",\"gridwidth\":2},\"zaxis\":{\"backgroundcolor\":\"#E5ECF6\",\"gridcolor\":\"white\",\"linecolor\":\"white\",\"showbackground\":true,\"ticks\":\"\",\"zerolinecolor\":\"white\",\"gridwidth\":2}},\"shapedefaults\":{\"line\":{\"color\":\"#2a3f5f\"}},\"annotationdefaults\":{\"arrowcolor\":\"#2a3f5f\",\"arrowhead\":0,\"arrowwidth\":1},\"geo\":{\"bgcolor\":\"white\",\"landcolor\":\"#E5ECF6\",\"subunitcolor\":\"white\",\"showland\":true,\"showlakes\":true,\"lakecolor\":\"white\"},\"title\":{\"x\":0.05},\"mapbox\":{\"style\":\"light\"}}},\"margin\":{\"l\":55,\"r\":40,\"b\":35,\"t\":70},\"title\":{\"text\":\"Euclidean Distance from origin\"},\"autosize\":false,\"width\":500,\"height\":500},                        {\"responsive\": true}                    ).then(function(){\n",
              "                            \n",
              "var gd = document.getElementById('834b2adf-00f4-459e-a2f9-234bf48c6402');\n",
              "var x = new MutationObserver(function (mutations, observer) {{\n",
              "        var display = window.getComputedStyle(gd).display;\n",
              "        if (!display || display === 'none') {{\n",
              "            console.log([gd, 'removed!']);\n",
              "            Plotly.purge(gd);\n",
              "            observer.disconnect();\n",
              "        }}\n",
              "}});\n",
              "\n",
              "// Listen for the removal of the full notebook cells\n",
              "var notebookContainer = gd.closest('#notebook-container');\n",
              "if (notebookContainer) {{\n",
              "    x.observe(notebookContainer, {childList: true});\n",
              "}}\n",
              "\n",
              "// Listen for the clearing of the current output cell\n",
              "var outputEl = gd.closest('.output');\n",
              "if (outputEl) {{\n",
              "    x.observe(outputEl, {childList: true});\n",
              "}}\n",
              "\n",
              "                        })                };                            </script>        </div>\n",
              "</body>\n",
              "</html>"
            ]
          },
          "metadata": {}
        }
      ]
    },
    {
      "cell_type": "code",
      "source": [
        "\n",
        "manhattan_dist = distance.cityblock(x_1, x_2)\n",
        "print(manhattan_dist)"
      ],
      "metadata": {
        "colab": {
          "base_uri": "https://localhost:8080/"
        },
        "id": "qj93APoLr_HO",
        "outputId": "7329b421-bd2e-4815-fa3f-1b7de8b246e1"
      },
      "execution_count": 11,
      "outputs": [
        {
          "output_type": "stream",
          "name": "stdout",
          "text": [
            "22\n"
          ]
        }
      ]
    },
    {
      "cell_type": "code",
      "source": [],
      "metadata": {
        "id": "TLMlfc__sHyJ"
      },
      "execution_count": null,
      "outputs": []
    },
    {
      "cell_type": "markdown",
      "source": [
        "## TASK-2\n",
        "## Write a vectorized version of computing Manhattan distance (using numpy) in the space given below\n",
        "## (Expected number of lines ~ 1). Your answer should be stored in the variable 'manhattan_dist'\n",
        "## Verify your result with the output of the scipy function in the previous cell.\n",
        "\n",
        "# Write your code below and uncomment the lines below in order to run the cell.\n",
        "\n",
        "# manhattan_dist =\n",
        "# print(manhattan_dist)"
      ],
      "metadata": {
        "id": "pXBrfomBsLdo"
      }
    },
    {
      "cell_type": "code",
      "source": [
        "manhattan_dist = np.sum(np.abs((x_1 - x_2)))\n",
        "print(manhattan_dist)"
      ],
      "metadata": {
        "colab": {
          "base_uri": "https://localhost:8080/"
        },
        "id": "-_EnTcAbsL9-",
        "outputId": "4ea5b815-88bf-44d0-cec2-5cc776620cac"
      },
      "execution_count": 12,
      "outputs": [
        {
          "output_type": "stream",
          "name": "stdout",
          "text": [
            "22\n"
          ]
        }
      ]
    },
    {
      "cell_type": "code",
      "source": [
        "# 3-D visualization\n",
        "plotx = np.linspace(-10,10,30)\n",
        "meshx, meshy = np.meshgrid(plotx,plotx)"
      ],
      "metadata": {
        "id": "39vy2LMwsO6w"
      },
      "execution_count": 13,
      "outputs": []
    },
    {
      "cell_type": "code",
      "source": [
        "tempmanhattan = np.abs(meshx) + np.abs(meshy)"
      ],
      "metadata": {
        "id": "JQgYYNYbsTWl"
      },
      "execution_count": 14,
      "outputs": []
    },
    {
      "cell_type": "code",
      "source": [
        "import plotly.graph_objects as go\n",
        "\n",
        "fig = go.Figure(data=[go.Surface(z=tempmanhattan, x=plotx, y=plotx)])\n",
        "fig.update_layout(title='Manhattan Distance from origin', autosize=False,\n",
        "                  width=500, height=500,\n",
        "                  margin=dict(l=55, r=40, b=35, t=70))\n",
        "fig.show()"
      ],
      "metadata": {
        "colab": {
          "base_uri": "https://localhost:8080/",
          "height": 517
        },
        "id": "oAArgkywsVNJ",
        "outputId": "d736a320-65bb-4c79-b09e-edeba5b46200"
      },
      "execution_count": 15,
      "outputs": [
        {
          "output_type": "display_data",
          "data": {
            "text/html": [
              "<html>\n",
              "<head><meta charset=\"utf-8\" /></head>\n",
              "<body>\n",
              "    <div>            <script src=\"https://cdnjs.cloudflare.com/ajax/libs/mathjax/2.7.5/MathJax.js?config=TeX-AMS-MML_SVG\"></script><script type=\"text/javascript\">if (window.MathJax && window.MathJax.Hub && window.MathJax.Hub.Config) {window.MathJax.Hub.Config({SVG: {font: \"STIX-Web\"}});}</script>                <script type=\"text/javascript\">window.PlotlyConfig = {MathJaxConfig: 'local'};</script>\n",
